MEMORY
  total            14.6 MB
  struct          159.0 KB
  buffer          437.2 KB
  arena            14.0 MB, used 0.8%

SIZES
  narena                14680064
  nbuffer               447696
  nplugin               0
  maxuse_stack          12072
  maxuse_arena          117788
  maxuse_con            30
  maxuse_efc            187
  ncon                  8
  ne                    1
  nf                    0
  nl                    5
  nefc                  54
  nJ                    756
  nA                    0
  nisland               0
  threadpool            0

TIMER
    0:  duration =  0          number = 0
    1:  duration =  0.35       number = 1
    2:  duration =  0          number = 0
    3:  duration =  0.3        number = 1
    4:  duration =  0.0075     number = 1
    5:  duration =  0.0013     number = 1
    6:  duration =  0.043      number = 1
    7:  duration =  0          number = 0
    8:  duration =  0.015      number = 1
    9:  duration =  0.0035     number = 2
    10:  duration =  0.26       number = 1
    11:  duration =  0.017      number = 1
    12:  duration =  0.00029    number = 1
    13:  duration =  0.019      number = 1
    14:  duration =  0.2        number = 1

SOLVER STAT
  solver_fwdinv =   0         0       
  ISLAND 0
    solver_niter = 4
    solver_nnz = 196
      0:  improvement =  4.2e+09     gradient =  1.2e+05     lineslope =  0       
          nactive = 32   nchange = 22   neval = 4   nupdate = 22
      1:  improvement =  3.3e+07     gradient =  3.6e+03     lineslope =  0       
          nactive = 32   nchange = 2   neval = 3   nupdate = 2
      2:  improvement =  4.9e+05     gradient =  1.5e-10     lineslope =  3.5e-14 
          nactive = 32   nchange = 0   neval = 2   nupdate = 0
      3:  improvement =  0           gradient =  8.4e-11     lineslope =  0       
          nactive = 32   nchange = 0   neval = 2   nupdate = 0

ENERGY =   0         0       

TIME =  0       

QPOS
  -29      
  -37      
  -11      
   84      
   63      
   2.2     
   0       
   0       
   0       
   0       
   0       
   1       
   0       
   0       
   0       

QVEL
   0       
   0       
   0       
   0       
   0       
   0       
   0       
   0       
   0       
   0       
   0       
   0       
   0       
   0       

QACC_WARMSTART
   2.3e+02 
  -3.1e+03 
   6.4e+03 
   8.3e+03 
  -5.3e+03 
  -8e+03   
   1.6e+03 
   1.2e+04 
   0       
   0       
  -9.8     
   0       
   0       
   0       

CTRL
   0       
   0       
   0       
   0       
   0       
   0       
   0       

QFRC_APPLIED
   0       
   0       
   0       
   0       
   0       
   0       
   0       
   0       
   0       
   0       
   0       
   0       
   0       
   0       

XFRC_APPLIED
   0         0         0         0         0         0       
   0         0         0         0         0         0       
   0         0         0         0         0         0       
   0         0         0         0         0         0       
   0         0         0         0         0         0       
   0         0         0         0         0         0       
   0         0         0         0         0         0       
   0         0         0         0         0         0       
   0         0         0         0         0         0       
   0         0         0         0         0         0       
   0         0         0         0         0         0       
   0         0         0         0         0         0       
   0         0         0         0         0         0       
   0         0         0         0         0         0       
   0         0         0         0         0         0       
   0         0         0         0         0         0       
   0         0         0         0         0         0       
   0         0         0         0         0         0       
   0         0         0         0         0         0       

EQ_ACTIVE             1

QACC
   2.3e+02 
  -3.1e+03 
   6.4e+03 
   8.3e+03 
  -5.3e+03 
  -8e+03   
   1.6e+03 
   1.2e+04 
   0       
   0       
  -9.8     
   0       
   0       
   0       

XPOS
   0         0         0       
   0        -0.6       0       
   0.6       0.1       0       
   0         0         0.43    
   0         0         0.87    
   0         0         0.96    
  -0.032    -0.13      0.96    
  -0.37      0.071     0.75    
  -0.18      0.026     0.41    
  -0.2      -0.064     0.41    
  -0.28     -0.045     0.46    
  -0.27     -0.12      0.5     
  -0.27     -0.12      0.5     
  -0.28     -0.18      0.53    
  -0.31     -0.22      0.55    
  -0.25     -0.18      0.53    
  -0.22     -0.21      0.55    
   0         0         0.43    
   0        -0.6       0.95    

XQUAT
   1         0         0         0       
   0.71      0         0         0.71    
   1         0         0         0       
   1         0         0         0       
   1         0         0         0       
  -0.12      0         0        -0.99    
  -0.06      0.85     -0.1      -0.51    
   0.03      0.96     -0.11      0.25    
  -0.1       0.49     -0.058    -0.86    
   0.15      0.45     -0.19     -0.86    
   0.24      0.97      0.045     0.021   
   0.16      0.72     -0.65      0.18    
  -0.046     0.017    -0.52      0.86    
  -0.046     0.017    -0.52      0.86    
  -0.046     0.017    -0.52      0.86    
  -0.86     -0.52     -0.017    -0.046   
  -0.86     -0.52     -0.017    -0.046   
   1.8e-09   0         0        -1       
   1         0         0         0       

XMAT
   1         0         0         0         1         0         0         0         1       
   0.0008   -1         0         1         0.0008    0         0         0         1       
   1         0         0         0         1         0         0         0         1       
   1         0         0         0         1         0         0         0         1       
   1         0         0         0         1         0         0         0         1       
  -0.97     -0.23     -0         0.23     -0.97      0         0        -0         1       
   0.47     -0.23     -0.85     -0.11     -0.97      0.2      -0.88      2.8e-17  -0.48    
   0.85     -0.23      0.48     -0.2      -0.97     -0.11      0.49      4.2e-17  -0.87    
  -0.5      -0.23     -0.83      0.12     -0.97      0.2      -0.86      8.3e-17   0.51    
  -0.55      0.077    -0.83     -0.43     -0.88      0.2      -0.72      0.47      0.51    
   1         0.077     0.062     0.097    -0.88     -0.46      0.019     0.47     -0.88    
   0.077    -1         0.062    -0.88     -0.097    -0.46      0.47     -0.019    -0.88    
  -1         0.062     0.077    -0.097    -0.46     -0.88     -0.019    -0.88      0.47    
  -1         0.062     0.077    -0.097    -0.46     -0.88     -0.019    -0.88      0.47    
  -1         0.062     0.077    -0.097    -0.46     -0.88     -0.019    -0.88      0.47    
   1        -0.062     0.077     0.097     0.46     -0.88      0.019     0.88      0.47    
   1        -0.062     0.077     0.097     0.46     -0.88      0.019     0.88      0.47    
  -1         3.6e-09   0        -3.6e-09  -1        -0        -0         0         1       
   1         0         0         0         1         0         0         0         1       

XIPOS
   0         0         0       
   0        -0.6       0.49    
   0.6       0.1       0.43    
   0         0         0.49    
  -3e-06    -0.00083   0.88    
  -0.0019   -0.0081    0.96    
  -0.21     -0.093     0.86    
  -0.27      0.045     0.58    
  -0.19     -0.061     0.41    
  -0.28     -0.042     0.46    
  -0.27     -0.1       0.49    
  -0.27     -0.11      0.5     
  -0.27     -0.15      0.52    
  -0.29     -0.2       0.54    
  -0.31     -0.24      0.56    
  -0.24     -0.19      0.54    
  -0.21     -0.23      0.56    
   0         0         0.43    
   0        -0.6       0.95    

XIMAT
   1         0         0         0         1         0         0         0         1       
   0.0008   -1         0         1         0.0008    0         0         0         1       
   1         0         0         0         0        -1         0         1         0       
   0        -1         0         1         0         0         0         0         1       
   4.1e-06  -1        -0.0024   -0.0016    0.0024   -1         1         8.1e-06  -0.0016  
  -0.97     -0.21     -0.092     0.23     -0.89     -0.39     -0.00021  -0.4       0.92    
   0.47     -0.23     -0.85     -0.11     -0.97      0.2      -0.88     -8.2e-07  -0.48    
   0.85     -0.2       0.49     -0.2      -0.98     -0.053     0.49     -0.055    -0.87    
  -0.5      -0.25     -0.83      0.12     -0.97      0.22     -0.86      0.0082    0.51    
  -0.55     -0.83     -0.076    -0.43      0.2       0.88     -0.72      0.51     -0.47    
   0.077    -1         0.062    -0.88     -0.097    -0.46      0.47     -0.019    -0.88    
   0.077    -1         0.062    -0.88     -0.097    -0.46      0.47     -0.019    -0.88    
   0.062     1         0.077    -0.46      0.097    -0.88     -0.88      0.019     0.47    
  -0.84      0.062    -0.54      0.46     -0.46     -0.76     -0.3      -0.88      0.36    
   0.062     0.91      0.42     -0.46      0.4      -0.79     -0.88     -0.14      0.45    
   0.75     -0.062     0.66      0.61      0.46     -0.64     -0.27      0.88      0.38    
  -0.062    -0.96     -0.27      0.46      0.21     -0.86      0.88     -0.18      0.43    
   1        -7.2e-09  -0         7.2e-09   1         0         0        -0         1       
   1         0         0         0         1         0         0         0         1       

XANCHOR
   0         0         0.96    
  -0.032    -0.13      0.96    
  -0.37      0.071     0.75    
  -0.18      0.026     0.41    
  -0.2      -0.064     0.41    
  -0.28     -0.045     0.46    
  -0.28     -0.18      0.53    
  -0.25     -0.18      0.53    
   0        -0.6       0.95    
   0        -0.6       0.95    
   0        -0.6       0.95    
   0        -0.6       0.95    

XAXIS
   0         0         1       
  -0.23     -0.97      0       
  -0.23     -0.97      2.8e-17 
  -0.23     -0.97      5.6e-17 
  -0.83      0.2       0.51    
   0.077    -0.88      0.47    
   0.062    -0.46     -0.88    
  -0.062     0.46      0.88    
   1         0         0       
   0         1         0       
   0         0         1       
   0         0         1       

GEOM_XPOS
   0         0         0       
   0        -0.6       0.88    
   0.00018  -0.37      0.44    
  -0.00018  -0.83      0.44    
  -0.3      -0.6       0.44    
   0.3      -0.6       0.44    
   0.6       0.1       0.61    
   0.83      0.1       0.4     
   0.37      0.1       0.4     
   0.6       0.43      0.4     
   0.6      -0.23      0.4     
   0         0         0.83    
   0         0         0.23    
   0.26      0.16      0.43    
  -0.26      0.16      0.43    
   0.26     -0.16      0.43    
  -0.26     -0.16      0.43    
  -3e-06    -0.00083   0.88    
  -0.0019   -0.0081    0.96    
  -0.21     -0.093     0.86    
  -0.27      0.045     0.58    
  -0.19     -0.061     0.41    
  -0.28     -0.042     0.46    
  -0.27     -0.1       0.49    
  -0.27     -0.11      0.5     
  -0.27     -0.15      0.52    
  -0.29     -0.2       0.54    
  -0.31     -0.24      0.56    
  -0.24     -0.19      0.54    
  -0.21     -0.23      0.56    
   0        -0.6       0.95    

GEOM_XMAT
   1         0         0         0         1         0         0         0         1       
   0.0008   -1         0         1         0.0008    0         0         0         1       
   0.0008   -1         0         1         0.0008    0         0         0         1       
   0.0008   -1         0         1         0.0008    0         0         0         1       
   0.0008   -1         0         1         0.0008    0         0         0         1       
   0.0008   -1         0         1         0.0008    0         0         0         1       
   1         0         0         0         1         0         0         0         1       
   1         0         0         0         1         0         0         0         1       
   1         0         0         0         1         0         0         0         1       
   1         0         0         0         1         0         0         0         1       
   1         0         0         0         1         0         0         0         1       
   1         0         0         0         1         0         0         0         1       
   1         0         0         0         1         0         0         0         1       
   1         0         0         0         1         0         0         0         1       
   1         0         0         0         1         0         0         0         1       
   1         0         0         0         1         0         0         0         1       
   1         0         0         0         1         0         0         0         1       
   4.1e-06  -1        -0.0024   -0.0016    0.0024   -1         1         8.1e-06  -0.0016  
  -0.97     -0.21     -0.092     0.23     -0.89     -0.39     -0.00021  -0.4       0.92    
   0.47     -0.23     -0.85     -0.11     -0.97      0.2      -0.88     -8.2e-07  -0.48    
   0.85     -0.2       0.49     -0.2      -0.98     -0.053     0.49     -0.055    -0.87    
  -0.5      -0.25     -0.83      0.12     -0.97      0.22     -0.86      0.0082    0.51    
  -0.55     -0.83     -0.076    -0.43      0.2       0.88     -0.72      0.51     -0.47    
   0.077    -1         0.062    -0.88     -0.097    -0.46      0.47     -0.019    -0.88    
   0.077    -1         0.062    -0.88     -0.097    -0.46      0.47     -0.019    -0.88    
   0.062     1         0.077    -0.46      0.097    -0.88     -0.88      0.019     0.47    
  -0.84      0.062    -0.54      0.46     -0.46     -0.76     -0.3      -0.88      0.36    
   0.062     0.91      0.42     -0.46      0.4      -0.79     -0.88     -0.14      0.45    
   0.75     -0.062     0.66      0.61      0.46     -0.64     -0.27      0.88      0.38    
  -0.062    -0.96     -0.27      0.46      0.21     -0.86      0.88     -0.18      0.43    
   1         0         0         0         1         0         0         0         1       

CAM_XPOS
   2         2         2.7     
   0        -0.6       2       
   0.8      -0.6       1       

CAM_XMAT
   0.69      0.64      0.33     -0.33      0.69     -0.64     -0.64      0.33      0.69    
   1         0         0         0         1         0         0         0         1       
   0         0         1         1         0         0         0         1         0       

LIGHT_XPOS
   1        -1         3       

LIGHT_XDIR
  -0.34      0.34     -0.88    

SUBTREE_COM
   0.2      -0.2       0.5     
   0        -0.6       0.49    
   0.6       0.1       0.43    
  -0.086    -0.021     0.61    
  -0.2      -0.049     0.77    
  -0.21     -0.05      0.77    
  -0.23     -0.055     0.74    
  -0.26      0.013     0.54    
  -0.24     -0.073     0.45    
  -0.27     -0.08      0.48    
  -0.27     -0.14      0.51    
  -0.27     -0.17      0.53    
  -0.27     -0.17      0.53    
  -0.3      -0.22      0.55    
  -0.31     -0.24      0.56    
  -0.23     -0.21      0.55    
  -0.21     -0.23      0.56    
   0         0         0.43    
   0        -0.6       0.95    

CDOF
   0         0         1         0.021    -0.086     0       
  -0.23     -0.97      0         0.34     -0.082    -0.079   
  -0.23     -0.97      2.8e-17   0.14     -0.034     0.29    
  -0.23     -0.97      5.6e-17  -0.19      0.045     0.1     
  -0.83      0.2       0.51      0.017     0.22     -0.059   
   0.077    -0.88      0.47     -0.14      0.079     0.17    
   0.062    -0.46     -0.88      0.11     -0.18      0.1     
  -0.062     0.46      0.88     -0.1       0.15     -0.088   
   0         0         0         1         0         0       
   0         0         0         0         1         0       
   0         0         0         0         0         1       
   1         0         0         0         0         0       
   0         1         0         0         0         0       
   0         0         1         0         0         0       

CINERT
   0         0         0         0         0         0         0         0         0         0       
   14        16        11        0.0018    0         0         0         0         7e-15     1.3e+02 
   14        11        12       -1.9e-31  -7.5e-31  -9.4e-32   1.4e-14   1.7e-15   6.8e-15   1.2e+02 
   5.5       7.2       3.5      -0.087     0.49      0.12      4.2       1        -5.8       49      
   0.056     0.061     0.0076   -0.0013   -0.017    -0.004     0.064     0.015     0.2       0.75    
   0.46      0.49      0.033    -0.004    -0.11     -0.016     0.31      0.046     1.3       3.6     
   1.5       2         0.82     -0.11      0.45      0.41     -2.6      -1.5       5         20      
   0.17      0.44      0.36      0.1       0.018     0.01     -1.5       0.54     -0.27      8.3     
   0.048     0.06      0.017    -0.0051   -0.025    -0.0093   -0.13     -0.047    -0.23      1.2     
   0.028     0.069     0.043    -0.0046   -0.033    -0.0035   -0.22     -0.024    -0.17      1.2     
   0.0061    0.015     0.013    -0.0046   -0.0065   -0.0028   -0.056    -0.024    -0.035     0.3     
   2e-05     4.8e-05   4.3e-05  -1.7e-05  -2.1e-05  -9.9e-06  -0.00019  -8.8e-05  -0.00011   0.001   
   0.0091    0.015     0.018    -0.0085   -0.0057   -0.004    -0.064    -0.046    -0.031     0.35    
   0.001     0.0013    0.0021   -0.001    -0.00037  -0.00032  -0.0057   -0.0049   -0.0018    0.027   
   0.001     0.0011    0.0021   -0.001    -0.00023  -0.00021  -0.0048   -0.0045   -0.001     0.021   
   0.00094   0.00074   0.0015   -0.00071  -0.00027  -0.0003   -0.0041   -0.0047   -0.0018    0.027   
   0.00093   0.00038   0.0012   -0.00054  -0.00012  -0.0002   -0.0026   -0.0043   -0.00096   0.021   
   0         0         0         0         0         0         0         0        -0         0       
   1.7e-05   1.7e-05   1.7e-05   0         0         0         0         0         0         0.064   

ACTUATOR_LENGTH
  -2.9e+03 
  -3.8e+03 
  -1.1e+03 
   8.5e+03 
   6.4e+03 
   2.2e+02 
   0       

actuator_moment
----------------
 x              |
  x             |
   x            |
    x           |
     x          |
      x         |
       x        |
----------------

ACTUATOR_MOMENT
     0:  1e+02   
     1:  1e+02   
     2:  1e+02   
     3:  1e+02   
     4:  1e+02   
     5:  1e+02   
     6:  1e+02   

CRB
   0         0         0         0         0         0         0         0         0         0       
   14        16        11        0.0018    0         0         0         0         7e-15     1.3e+02 
   14        11        12       -1.9e-31  -7.5e-31  -9.4e-32   1.4e-14   1.7e-15   6.8e-15   1.2e+02 
   7.8       10        4.9      -0.12      0.77      0.5      -1.8e-15  -2.2e-16   5.3e-15   85      
   2.3       3.2       1.3      -0.035     0.27      0.38     -4.2      -1         5.8       36      
   2.2       3.1       1.3      -0.034     0.29      0.38     -4.3      -1         5.6       35      
   1.8       2.6       1.3      -0.03      0.4       0.4      -4.6      -1.1       4.3       31      
   0.26      0.61      0.45      0.077    -0.053    -0.01     -2         0.38     -0.74      11      
   0.095     0.16      0.098    -0.026    -0.071    -0.021    -0.48     -0.16     -0.47      3.1     
   0.047     0.1       0.081    -0.021    -0.046    -0.011    -0.36     -0.11     -0.24      1.9     
   0.019     0.033     0.038    -0.016    -0.013    -0.0079   -0.14     -0.089    -0.071     0.75    
   0.013     0.018     0.025    -0.012    -0.0067   -0.0051   -0.082    -0.065    -0.037     0.45    
   0.013     0.018     0.025    -0.012    -0.0067   -0.0051   -0.081    -0.064    -0.037     0.45    
   0.002     0.0024    0.0041   -0.002    -0.0006   -0.00053  -0.01     -0.0094   -0.0028    0.048   
   0.001     0.0011    0.0021   -0.001    -0.00023  -0.00021  -0.0048   -0.0045   -0.001     0.021   
   0.0019    0.0011    0.0027   -0.0013   -0.00039  -0.0005   -0.0068   -0.009    -0.0027    0.048   
   0.00093   0.00038   0.0012   -0.00054  -0.00012  -0.0002   -0.0026   -0.0043   -0.00096   0.021   
   0         0         0         0         0         0         0         0        -0         0       
   1.7e-05   1.7e-05   1.7e-05   0         0         0         0         0         0         0.064   

QM
   2.4     
   0.53      4.3     
   0.13      0.88      0.88    
  -0.02     -0.022    -0.043     0.032   
  -0.00097   0.0019    0.015    -0.006     0.022   
   0.00028   0.00053   0.00051   0.00049   1.1e-06   0.011   
  -0.00072  -0.00067  -0.00048   0.00034  -0.00026   3.8e-19   0.01    
   0.00011   0.00063   0.00015  -0.00021   0.00026  -4.7e-19             0.01    
                                                                                   0.064   
                                                                                   0         0.064   
                                                                                   0         0         0.064   
                                                                                   0         0         0         1.7e-05 
                                                                                   0         0         0         0         1.7e-05 
                                                                                   0         0         0         0         0         1.7e-05 

QLD
     0:  2.3     
     0:  0.12       1:  3.4     
     0:  0.13       1:  1          2:  0.82    
     0: -0.68       1: -0.71       2: -1.3        3:  0.03    
     0: -0.046      1:  0.086      2:  0.7        3: -0.27       4:  0.022   
     0:  0.027      1:  0.05       2:  0.048      3:  0.046      4:  0.0001     5:  0.011   
     0: -0.071      1: -0.066      2: -0.048      3:  0.033      4: -0.025      5:  3.7e-17    6:  0.01    
     0:  0.01       1:  0.063      2:  0.015      3: -0.021      4:  0.025      5: -4.7e-17    7:  0.01    
     8:  0.064   
     8:  0          9:  0.064   
     8:  0          9:  0         10:  0.064   
     8:  0          9:  0         10:  0         11:  1.7e-05 
     8:  0          9:  0         10:  0         11:  0         12:  1.7e-05 
     8:  0          9:  0         10:  0         11:  0         12:  0         13:  1.7e-05 

QLDIAGINV
   0.44    
   0.29    
   1.2     
   33      
   46      
   94      
   99      
   99      
   16      
   16      
   16      
   5.9e+04 
   5.9e+04 
   5.9e+04 

B: body-dof matrix
----------------
 xxxxxxxxxxxxxx |
                |
                |
 xxxxxxxx       |
 xxxxxxxx       |
 xxxxxxxx       |
 xxxxxxxx       |
 xxxxxxxx       |
 xxxxxxxx       |
 xxxxxxxx       |
 xxxxxxxx       |
 xxxxxxxx       |
 xxxxxxxx       |
 xxxxxxx        |
 xxxxxxx        |
 xxxxxx x       |
 xxxxxx x       |
                |
         xxxxxx |
----------------

B_rownnz              14 0 0 8 8 8 8 8 8 8 8 8 8 7 7 7 7 0 6

B_rowadr              0 14 14 14 22 30 38 46 54 62 70 78 86 94 101 108 115 122 122

B_colind              0 1 2 3 4 5 6 7 8 9 10 11 12 13 0 1 2 3 4 5 6 7 0 1 2 3 4 5 6 7 0 1 2 3 4 5 6 7 0 1 2 3 4 5 6 7 0 1 2 3 4 5 6 7 0 1 2 3 4 5 6 7 0 1 2 3 4 5 6 7 0 1 2 3 4 5 6 7 0 1 2 3 4 5 6 7 0 1 2 3 4 5 6 7 0 1 2 3 4 5 6 0 1 2 3 4 5 6 0 1 2 3 4 5 7 0 1 2 3 4 5 7 8 9 10 11 12 13

M: inertia matrix
----------------
 x              |
 xx             |
 xxx            |
 xxxx           |
 xxxxx          |
 xxxxxx         |
 xxxxxxx        |
 xxxxxx x       |
         x      |
         xx     |
         xxx    |
         xxxx   |
         xxxxx  |
         xxxxxx |
----------------

M_rownnz              1 2 3 4 5 6 7 7 1 2 3 4 5 6

M_rowadr              0 1 3 6 10 15 21 28 35 36 38 41 45 50

M_colind              0 0 1 0 1 2 0 1 2 3 0 1 2 3 4 0 1 2 3 4 5 0 1 2 3 4 5 6 0 1 2 3 4 5 7 8 8 9 8 9 10 8 9 10 11 8 9 10 11 12 8 9 10 11 12 13

mapM2M                0 2 1 5 4 3 9 8 7 6 14 13 12 11 10 20 19 18 17 16 15 27 26 25 24 23 22 21 34 33 32 31 30 29 28 35 37 36 40 39 38 44 43 42 41 49 48 47 46 45 55 54 53 52 51 50

C: reduced dof-dof matrix
----------------
 x              |
 xx             |
 xxx            |
 xxxx           |
 xxxxx          |
 xxxxxx         |
 xxxxxxx        |
 xxxxxx x       |
         x      |
          x     |
           x    |
            x   |
             x  |
              x |
----------------

C_rownnz              1 2 3 4 5 6 7 7 1 1 1 1 1 1

C_rowadr              0 1 3 6 10 15 21 28 35 36 37 38 39 40

C_colind              0 0 1 0 1 2 0 1 2 3 0 1 2 3 4 0 1 2 3 4 5 0 1 2 3 4 5 6 0 1 2 3 4 5 7 8 9 10 11 12 13

mapM2C                0 2 1 5 4 3 9 8 7 6 14 13 12 11 10 20 19 18 17 16 15 27 26 25 24 23 22 21 34 33 32 31 30 29 28 35 36 38 41 45 50

D: dof-dof matrix
----------------
 Dxxxxxxx       |
 xDxxxxxx       |
 xxDxxxxx       |
 xxxDxxxx       |
 xxxxDxxx       |
 xxxxxDxx       |
 xxxxxxD        |
 xxxxxx D       |
         Dxxxxx |
         xDxxxx |
         xxDxxx |
         xxxDxx |
         xxxxDx |
         xxxxxD |
----------------

D_rownnz              8 8 8 8 8 8 7 7 6 6 6 6 6 6

D_rowadr              0 8 16 24 32 40 48 55 62 68 74 80 86 92

D_colind              0 1 2 3 4 5 6 7 0 1 2 3 4 5 6 7 0 1 2 3 4 5 6 7 0 1 2 3 4 5 6 7 0 1 2 3 4 5 6 7 0 1 2 3 4 5 6 7 0 1 2 3 4 5 6 0 1 2 3 4 5 7 8 9 10 11 12 13 8 9 10 11 12 13 8 9 10 11 12 13 8 9 10 11 12 13 8 9 10 11 12 13 8 9 10 11 12 13

mapM2D                0 2 5 9 14 20 27 34 2 1 4 8 13 19 26 33 5 4 3 7 12 18 25 32 9 8 7 6 11 17 24 31 14 13 12 11 10 16 23 30 20 19 18 17 16 15 22 29 27 26 25 24 23 22 21 34 33 32 31 30 29 28 35 37 40 44 49 55 37 36 39 43 48 54 40 39 38 42 47 53 44 43 42 41 46 52 49 48 47 46 45 51 55 54 53 52 51 50

mapD2M                0 9 8 18 17 16 27 26 25 24 36 35 34 33 32 45 44 43 42 41 40 54 53 52 51 50 49 48 61 60 59 58 57 56 55 62 69 68 76 75 74 83 82 81 80 90 89 88 87 86 97 96 95 94 93 92

CONTACT
  0:
     dim           4
     geoms         11 : 19
     exclude       0
     efc_address   6
     solref         0.01      1       
     solimp         0.99      0.99      0.01      0.5       2       
     dist          -0.11    
     includemargin  0.001   
     pos           -0.26     -0.016     0.82    
     frame         -0.49      2.9e-07   0.87      1.4e-07   1        -2.5e-07  -0.87      0        -0.49    
     friction       1         1         0.005     0.0001    0.0001  
     mu             0.32    
  1:
     dim           4
     geoms         16 : 19
     exclude       0
     efc_address   12
     solref         0.01      1       
     solimp         0.99      0.99      0.01      0.5       2       
     dist          -0.036   
     includemargin  0.001   
     pos           -0.22     -0.14      0.86    
     frame          0.23      0.97      5.5e-10  -1.3e-10  -5.3e-10   1         0.97     -0.23      0       
     friction       1         1         0.005     0.0001    0.0001  
     mu             0.32    
  2:
     dim           4
     geoms         16 : 23
     exclude       0
     efc_address   18
     solref         0.01      1       
     solimp         0.99      0.99      0.01      0.5       2       
     dist          -0.012   
     includemargin  0.001   
     pos           -0.28     -0.13      0.47    
     frame          9.3e-06   1        -1.9e-10   1.7e-15   1.9e-10   1         1        -9.3e-06  -2e-31   
     friction       1         1         0.005     0.0001    0.0001  
     mu             0.32    
  3:
     dim           4
     geoms         16 : 25
     exclude       0
     efc_address   24
     solref         0.01      1       
     solimp         0.99      0.99      0.01      0.5       2       
     dist          -0.075   
     includemargin  0.001   
     pos           -0.26     -0.17      0.53    
     frame         -1        -2e-09    -1.6e-10  -2e-09     1        -3.3e-19   1.6e-10   0        -1       
     friction       1         1         0.8       0.8       0.8     
     mu             0.32    
  4:
     dim           4
     geoms         16 : 26
     exclude       0
     efc_address   30
     solref         0.01      1       
     solimp         0.99      0.99      0.01      0.5       2       
     dist          -0.027   
     includemargin  0.001   
     pos           -0.29     -0.19      0.52    
     frame         -1        -6.6e-06  -4.9e-07  -6.6e-06   1        -3.2e-12   4.9e-07   4e-28    -1       
     friction       1         1         0.8       0.8       0.8     
     mu             0.32    
  5:
     dim           4
     geoms         16 : 28
     exclude       0
     efc_address   36
     solref         0.01      1       
     solimp         0.99      0.99      0.01      0.5       2       
     dist          -0.037   
     includemargin  0.001   
     pos           -0.25     -0.18      0.55    
     frame          1.7e-08  -1         5.9e-15  -1e-22     5.9e-15   1        -1        -1.7e-08   0       
     friction       1         1         0.8       0.8       0.8     
     mu             0.32    
  6:
     dim           4
     geoms         17 : 19
     exclude       0
     efc_address   42
     solref         0.01      1       
     solimp         0.99      0.99      0.01      0.5       2       
     dist          -0.0021  
     includemargin  0.001   
     pos           -0.039    -0.064     0.88    
     frame         -0.52     -0.46      0.72     -0.26      0.89      0.37     -0.81      0        -0.58    
     friction       1         1         0.005     0.0001    0.0001  
     mu             0.32    
  7:
     dim           4
     geoms         20 : 22
     exclude       0
     efc_address   48
     solref         0.01      1       
     solimp         0.99      0.99      0.01      0.5       2       
     dist          -0.014   
     includemargin  0.001   
     pos           -0.25     -0.0013    0.46    
     frame         -0.72     -0.58     -0.38     -0.29     -0.24      0.93     -0.63      0.78      2.8e-17 
     friction       1         1         0.005     0.0001    0.0001  
     mu             0.32    

EFC_TYPE
  0
  3
  3
  3
  3
  3
  6
  6
  6
  6
  6
  6
  6
  6
  6
  6
  6
  6
  6
  6
  6
  6
  6
  6
  6
  6
  6
  6
  6
  6
  6
  6
  6
  6
  6
  6
  6
  6
  6
  6
  6
  6
  6
  6
  6
  6
  6
  6
  6
  6
  6
  6
  6
  6

EFC_ID
  0
  0
  1
  2
  3
  4
  0
  0
  0
  0
  0
  0
  1
  1
  1
  1
  1
  1
  2
  2
  2
  2
  2
  2
  3
  3
  3
  3
  3
  3
  4
  4
  4
  4
  4
  4
  5
  5
  5
  5
  5
  5
  6
  6
  6
  6
  6
  6
  7
  7
  7
  7
  7
  7

EFC_J
   0         0         0         0         0         0        -1         1         0         0         0         0         0         0       
   1         0         0         0         0         0         0         0         0         0         0         0         0         0       
   0         1         0         0         0         0         0         0         0         0         0         0         0         0       
   0         0         1         0         0         0         0         0         0         0         0         0         0         0       
   0         0         0        -1         0         0         0         0         0         0         0         0         0         0       
   0         0         0         0        -1         0         0         0         0         0         0         0         0         0       
  -0.27     -0.32      0         0         0         0         0         0         0         0         0         0         0         0       
   0.26     -0.25      0         0         0         0         0         0         0         0         0         0         0         0       
  -0.022    -0.28      0         0         0         0         0         0         0         0         0         0         0         0       
   0.0061   -0.29      0         0         0         0         0         0         0         0         0         0         0         0       
  -0.0036   -0.29      0         0         0         0         0         0         0         0         0         0         0         0       
  -0.012    -0.29      0         0         0         0         0         0         0         0         0         0         0         0       
  -0.19     -0.19      0         0         0         0         0         0         0         0         0         0         0         0       
  -0.19      0.19      0         0         0         0         0         0         0         0         0         0         0         0       
   0.00026   0.1       0         0         0         0         0         0         0         0         0         0         0         0       
  -0.37     -0.1       0         0         0         0         0         0         0         0         0         0         0         0       
  -0.19     -0.005     0         0         0         0         0         0         0         0         0         0         0         0       
  -0.19      0.005     0         0         0         0         0         0         0         0         0         0         0         0       
  -0.28     -0.36      0.065    -0.048     0.077    -0.007     0         0         0         0         0         0         0         0       
  -0.28      0.13     -0.2       0.076    -0.058     0.0053    0         0         0         0         0         0         0         0       
  -0.15      0.36      0.21     -0.044     0.053     0.027     0         0         0         0         0         0         0         0       
  -0.4      -0.59     -0.34      0.072    -0.034    -0.029     0         0         0         0         0         0         0         0       
  -0.28     -0.12     -0.071     0.0091    0.01     -0.0052    0         0         0         0         0         0         0         0       
  -0.28     -0.11     -0.061     0.019     0.0084    0.0036    0         0         0         0         0         0         0         0       
  -0.44     -0.52     -0.27      0.14     -0.016     0.00024   0         0         0         0         0         0         0         0       
   0.09     -0.32     -0.17      0.084    -0.14     -0.0051    0         0         0         0         0         0         0         0       
  -0.17     -0.21     -0.38      0.15     -0.18     -0.007     0         0         0         0         0         0         0         0       
  -0.17     -0.64     -0.064     0.075     0.025     0.0022    0         0         0         0         0         0         0         0       
  -0.17     -0.23     -0.035     0.3       0.59     -0.064     0         0         0         0         0         0         0         0       
  -0.17     -0.61     -0.41     -0.076    -0.75      0.059     0         0         0         0         0         0         0         0       
  -0.47     -0.54     -0.29      0.12     -0.043    -0.027     0.006     0         0         0         0         0         0         0       
   0.098    -0.33     -0.18      0.075    -0.12     -0.012    -0.0076    0         0         0         0         0         0         0       
  -0.19     -0.2      -0.37      0.15     -0.2      -0.0023    0.0028    0         0         0         0         0         0         0       
  -0.19     -0.67     -0.095     0.044     0.037    -0.037    -0.0043    0         0         0         0         0         0         0       
  -0.19     -0.25     -0.046     0.29      0.58     -0.081    -0.05      0         0         0         0         0         0         0       
  -0.19     -0.62     -0.42     -0.087    -0.75      0.042     0.049     0         0         0         0         0         0         0       
   0.25     -0.11      0.22     -0.058     0.025     0.006     0        -0.00019   0         0         0         0         0         0       
   0.25      0.3      -0.12     -0.0052   -0.19     -0.015     0        -0.001     0         0         0         0         0         0       
   0.073    -0.3      -0.15      0.099    -0.17      0.007     0        -0.011     0         0         0         0         0         0       
   0.44      0.5       0.25     -0.16      0.0032   -0.016     0         0.0097    0         0         0         0         0         0       
   0.25      0.87      0.83      0.75     -0.24      0.7       0        -0.37      0         0         0         0         0         0       
   0.25     -0.68     -0.73     -0.81      0.076    -0.71      0         0.37      0         0         0         0         0         0       
  -0.067    -0.092     0         0         0         0         0         0         0         0         0         0         0         0       
   0.036    -0.0028    0         0         0         0         0         0         0         0         0         0         0         0       
  -0.067    -0.096     0         0         0         0         0         0         0         0         0         0         0         0       
   0.037     0.00066   0         0         0         0         0         0         0         0         0         0         0         0       
  -0.012    -0.045     0         0         0         0         0         0         0         0         0         0         0         0       
  -0.019    -0.05      0         0         0         0         0         0         0         0         0         0         0         0       
   0         0         0        -0.0024   -0.0055    0         0         0         0         0         0         0         0         0       
   0         0         0         0.099     0.062     0         0         0         0         0         0         0         0         0       
   0         0         0         0.082     0.05      0         0         0         0         0         0         0         0         0       
   0         0         0         0.015     0.007     0         0         0         0         0         0         0         0         0       
   0         0         0         0.052     0.03      0         0         0         0         0         0         0         0         0       
   0         0         0         0.045     0.027     0         0         0         0         0         0         0         0         0       

EFC_POS
   0       
  -25      
  -34      
  -7.8     
  -81      
  -60      
  -0.11    
  -0.11    
  -0.11    
  -0.11    
  -0.11    
  -0.11    
  -0.036   
  -0.036   
  -0.036   
  -0.036   
  -0.036   
  -0.036   
  -0.012   
  -0.012   
  -0.012   
  -0.012   
  -0.012   
  -0.012   
  -0.075   
  -0.075   
  -0.075   
  -0.075   
  -0.075   
  -0.075   
  -0.027   
  -0.027   
  -0.027   
  -0.027   
  -0.027   
  -0.027   
  -0.037   
  -0.037   
  -0.037   
  -0.037   
  -0.037   
  -0.037   
  -0.0021  
  -0.0021  
  -0.0021  
  -0.0021  
  -0.0021  
  -0.0021  
  -0.014   
  -0.014   
  -0.014   
  -0.014   
  -0.014   
  -0.014   

EFC_MARGIN
   0       
   0       
   0       
   0       
   0       
   0       
   0.001   
   0.001   
   0.001   
   0.001   
   0.001   
   0.001   
   0.001   
   0.001   
   0.001   
   0.001   
   0.001   
   0.001   
   0.001   
   0.001   
   0.001   
   0.001   
   0.001   
   0.001   
   0.001   
   0.001   
   0.001   
   0.001   
   0.001   
   0.001   
   0.001   
   0.001   
   0.001   
   0.001   
   0.001   
   0.001   
   0.001   
   0.001   
   0.001   
   0.001   
   0.001   
   0.001   
   0.001   
   0.001   
   0.001   
   0.001   
   0.001   
   0.001   
   0.001   
   0.001   
   0.001   
   0.001   
   0.001   
   0.001   

EFC_FRICTIONLOSS
   0       
   0       
   0       
   0       
   0       
   0       
   0       
   0       
   0       
   0       
   0       
   0       
   0       
   0       
   0       
   0       
   0       
   0       
   0       
   0       
   0       
   0       
   0       
   0       
   0       
   0       
   0       
   0       
   0       
   0       
   0       
   0       
   0       
   0       
   0       
   0       
   0       
   0       
   0       
   0       
   0       
   0       
   0       
   0       
   0       
   0       
   0       
   0       
   0       
   0       
   0       
   0       
   0       
   0       

EFC_DIAGAPPROX
   2e+02   
   0.14    
   0.51    
   3.5     
   38      
   50      
   0.0043  
   0.0043  
   0.0043  
   0.0043  
   0.0043  
   0.0043  
   0.0043  
   0.0043  
   0.0043  
   0.0043  
   0.0043  
   0.0043  
   0.086   
   0.086   
   0.086   
   0.086   
   0.086   
   0.086   
   0.14    
   0.14    
   0.14    
   0.14    
   0.14    
   0.14    
   0.25    
   0.25    
   0.25    
   0.25    
   0.25    
   0.25    
   0.25    
   0.25    
   0.25    
   0.25    
   0.25    
   0.25    
   0.0043  
   0.0043  
   0.0043  
   0.0043  
   0.0043  
   0.0043  
   0.091   
   0.091   
   0.091   
   0.091   
   0.091   
   0.091   

EFC_KBIP
   2.8e+03   1.1e+02   0.9       0       
   2.8e+03   1.1e+02   0.95      0       
   2.8e+03   1.1e+02   0.95      0       
   2.8e+03   1.1e+02   0.95      0       
   2.8e+03   1.1e+02   0.95      0       
   2.8e+03   1.1e+02   0.95      0       
   1e+04     2e+02     0.99      0       
   1e+04     2e+02     0.99      0       
   1e+04     2e+02     0.99      0       
   1e+04     2e+02     0.99      0       
   1e+04     2e+02     0.99      0       
   1e+04     2e+02     0.99      0       
   1e+04     2e+02     0.99      0       
   1e+04     2e+02     0.99      0       
   1e+04     2e+02     0.99      0       
   1e+04     2e+02     0.99      0       
   1e+04     2e+02     0.99      0       
   1e+04     2e+02     0.99      0       
   1e+04     2e+02     0.99      0       
   1e+04     2e+02     0.99      0       
   1e+04     2e+02     0.99      0       
   1e+04     2e+02     0.99      0       
   1e+04     2e+02     0.99      0       
   1e+04     2e+02     0.99      0       
   1e+04     2e+02     0.99      0       
   1e+04     2e+02     0.99      0       
   1e+04     2e+02     0.99      0       
   1e+04     2e+02     0.99      0       
   1e+04     2e+02     0.99      0       
   1e+04     2e+02     0.99      0       
   1e+04     2e+02     0.99      0       
   1e+04     2e+02     0.99      0       
   1e+04     2e+02     0.99      0       
   1e+04     2e+02     0.99      0       
   1e+04     2e+02     0.99      0       
   1e+04     2e+02     0.99      0       
   1e+04     2e+02     0.99      0       
   1e+04     2e+02     0.99      0       
   1e+04     2e+02     0.99      0       
   1e+04     2e+02     0.99      0       
   1e+04     2e+02     0.99      0       
   1e+04     2e+02     0.99      0       
   1e+04     2e+02     0.99      0       
   1e+04     2e+02     0.99      0       
   1e+04     2e+02     0.99      0       
   1e+04     2e+02     0.99      0       
   1e+04     2e+02     0.99      0       
   1e+04     2e+02     0.99      0       
   1e+04     2e+02     0.99      0       
   1e+04     2e+02     0.99      0       
   1e+04     2e+02     0.99      0       
   1e+04     2e+02     0.99      0       
   1e+04     2e+02     0.99      0       
   1e+04     2e+02     0.99      0       

EFC_D
   0.046   
   1.4e+02 
   37      
   5.4     
   0.5     
   0.38    
   2.3e+04 
   2.3e+04 
   2.3e+04 
   2.3e+04 
   2.3e+04 
   2.3e+04 
   2.3e+04 
   2.3e+04 
   2.3e+04 
   2.3e+04 
   2.3e+04 
   2.3e+04 
   1.2e+03 
   1.2e+03 
   1.2e+03 
   1.2e+03 
   1.2e+03 
   1.2e+03 
   7.1e+02 
   7.1e+02 
   7.1e+02 
   7.1e+02 
   7.1e+02 
   7.1e+02 
   4e+02   
   4e+02   
   4e+02   
   4e+02   
   4e+02   
   4e+02   
   4e+02   
   4e+02   
   4e+02   
   4e+02   
   4e+02   
   4e+02   
   2.3e+04 
   2.3e+04 
   2.3e+04 
   2.3e+04 
   2.3e+04 
   2.3e+04 
   1.1e+03 
   1.1e+03 
   1.1e+03 
   1.1e+03 
   1.1e+03 
   1.1e+03 

EFC_R
   22      
   0.0072  
   0.027   
   0.19    
   2       
   2.6     
   4.3e-05 
   4.3e-05 
   4.3e-05 
   4.3e-05 
   4.3e-05 
   4.3e-05 
   4.3e-05 
   4.3e-05 
   4.3e-05 
   4.3e-05 
   4.3e-05 
   4.3e-05 
   0.00087 
   0.00087 
   0.00087 
   0.00087 
   0.00087 
   0.00087 
   0.0014  
   0.0014  
   0.0014  
   0.0014  
   0.0014  
   0.0014  
   0.0025  
   0.0025  
   0.0025  
   0.0025  
   0.0025  
   0.0025  
   0.0025  
   0.0025  
   0.0025  
   0.0025  
   0.0025  
   0.0025  
   4.3e-05 
   4.3e-05 
   4.3e-05 
   4.3e-05 
   4.3e-05 
   4.3e-05 
   0.00092 
   0.00092 
   0.00092 
   0.00092 
   0.00092 
   0.00092 

ACTUATOR_VELOCITY
   0       
   0       
   0       
   0       
   0       
   0       
   0       

CVEL
   0         0         0         0         0         0       
   0         0         0         0         0         0       
   0         0         0         0         0         0       
   0         0         0         0         0         0       
   0         0         0         0         0         0       
   0         0         0         0         0         0       
   0         0         0         0         0         0       
   0         0         0         0         0         0       
   0         0         0         0         0         0       
   0         0         0         0         0         0       
   0         0         0         0         0         0       
   0         0         0         0         0         0       
   0         0         0         0         0         0       
   0         0         0         0         0         0       
   0         0         0         0         0         0       
   0         0         0         0         0         0       
   0         0         0         0         0         0       
   0         0         0         0         0         0       
   0         0         0         0         0         0       

CDOF_DOT
   0         0         0         0         0         0       
   0        -0         0         0         0         0       
   0        -0         0         0         0         0       
   0        -0         0         0        -0         0       
   0        -0         0         0         0         0       
   0         0        -0         0         0         0       
   0         0        -0         0         0        -0       
   0        -0         0         0         0         0       
   0         0         0         0         0         0       
   0         0         0         0         0         0       
   0         0         0         0         0         0       
   0         0         0         0         0         0       
   0         0         0         0         0         0       
   0         0         0         0         0         0       

QFRC_BIAS
   0       
  -65      
   13      
  -1.2     
   0.52    
  -7.8e-05 
  -0.006   
  -0.0053  
   0       
   0       
   0.63    
   0       
   0       
   0       

QFRC_SPRING
   0       
   0       
   0       
   0       
   0       
   0       
   0       
   0       
   0       
   0       
   0       
   0       
   0       
   0       

QFRC_DAMPER
  -0       
  -0       
  -0       
  -0       
  -0       
  -0       
  -0       
  -0       
   0       
   0       
   0       
   0       
   0       
   0       

QFRC_GRAVCOMP
   0       
   0       
   0       
   0       
   0       
   0       
   0       
   0       
   0       
   0       
   0       
   0       
   0       
   0       

QFRC_FLUID
   0       
   0       
   0       
   0       
   0       
   0       
   0       
   0       
   0       
   0       
   0       
   0       
   0       
   0       

QFRC_PASSIVE
   0       
   0       
   0       
   0       
   0       
   0       
   0       
   0       
   0       
   0       
   0       
   0       
   0       
   0       

EFC_VEL
   0       
   0       
   0       
   0       
   0       
   0       
   0       
   0       
   0       
   0       
   0       
   0       
   0       
   0       
   0       
   0       
   0       
   0       
   0       
   0       
   0       
   0       
   0       
   0       
   0       
   0       
   0       
   0       
   0       
   0       
   0       
   0       
   0       
   0       
   0       
   0       
   0       
   0       
   0       
   0       
   0       
   0       
   0       
   0       
   0       
   0       
   0       
   0       
   0       
   0       
   0       
   0       
   0       
   0       

EFC_AREF
  -0       
   6.7e+04 
   9e+04   
   2.1e+04 
   2.1e+05 
   1.6e+05 
   1.1e+03 
   1.1e+03 
   1.1e+03 
   1.1e+03 
   1.1e+03 
   1.1e+03 
   3.8e+02 
   3.8e+02 
   3.8e+02 
   3.8e+02 
   3.8e+02 
   3.8e+02 
   1.3e+02 
   1.3e+02 
   1.3e+02 
   1.3e+02 
   1.3e+02 
   1.3e+02 
   7.7e+02 
   7.7e+02 
   7.7e+02 
   7.7e+02 
   7.7e+02 
   7.7e+02 
   2.9e+02 
   2.9e+02 
   2.9e+02 
   2.9e+02 
   2.9e+02 
   2.9e+02 
   3.8e+02 
   3.8e+02 
   3.8e+02 
   3.8e+02 
   3.8e+02 
   3.8e+02 
   31      
   31      
   31      
   31      
   31      
   31      
   1.5e+02 
   1.5e+02 
   1.5e+02 
   1.5e+02 
   1.5e+02 
   1.5e+02 

SUBTREE_LINVEL
   0         0         0       
   0         0         0       
   0         0         0       
   0         0         0       
   0         0         0       
   0         0         0       
   0         0         0       
   0         0         0       
   0         0         0       
   0         0         0       
   0         0         0       
   0         0         0       
   0         0         0       
   0         0         0       
   0         0         0       
   0         0         0       
   0         0         0       
   0         0         0       
   0         0         0       

SUBTREE_ANGMOM
   0         0         0       
   0         0         0       
   0         0         0       
   0         0         0       
   0         0         0       
   0         0         0       
   0         0         0       
   0         0         0       
   0         0         0       
   0         0         0       
   0         0         0       
   0         0         0       
   0         0         0       
   0         0         0       
   0         0         0       
   0         0         0       
   0         0         0       
   0         0         0       
   0         0         0       

ACTUATOR_FORCE
   0       
   0       
   0       
   0       
   0       
   0       
   0       

QFRC_ACTUATOR
   0       
   0       
   0       
   0       
   0       
   0       
   0       
   0       
   0       
   0       
   0       
   0       
   0       
   0       

QFRC_SMOOTH
   0       
   65      
  -13      
   1.2     
  -0.52    
   7.8e-05 
   0.006   
   0.0053  
   0       
   0       
  -0.63    
   0       
   0       
   0       

QACC_SMOOTH
  -3.1     
   23      
  -37      
   2       
   0.1     
   0.63    
   0.085   
  -0.29    
   0       
   0       
  -9.8     
   0       
   0       
   0       

EFC_B
  -0.37    
  -6.7e+04 
  -9e+04   
  -2.1e+04 
  -2.1e+05 
  -1.6e+05 
  -1.1e+03 
  -1.1e+03 
  -1.1e+03 
  -1.1e+03 
  -1.1e+03 
  -1.1e+03 
  -3.8e+02 
  -3.7e+02 
  -3.7e+02 
  -3.8e+02 
  -3.8e+02 
  -3.8e+02 
  -1.4e+02 
  -1.2e+02 
  -1.3e+02 
  -1.3e+02 
  -1.3e+02 
  -1.3e+02 
  -7.7e+02 
  -7.7e+02 
  -7.6e+02 
  -7.8e+02 
  -7.7e+02 
  -7.6e+02 
  -2.9e+02 
  -2.9e+02 
  -2.8e+02 
  -3e+02   
  -2.9e+02 
  -2.8e+02 
  -3.9e+02 
  -3.7e+02 
  -3.8e+02 
  -3.8e+02 
  -3.9e+02 
  -3.7e+02 
  -33      
  -31      
  -33      
  -31      
  -32      
  -32      
  -1.5e+02 
  -1.5e+02 
  -1.5e+02 
  -1.5e+02 
  -1.5e+02 
  -1.5e+02 

EFC_FORCE
  -4.5e+02 
   9.3e+06 
   3.4e+06 
   7.6e+04 
   1.1e+05 
   5.8e+04 
   4.7e+06 
   6.6e+06 
   6e+06   
   5.3e+06 
   5.7e+06 
   5.6e+06 
   0       
   2.3e+07 
   1.6e+07 
   3.5e+06 
   9.4e+06 
   1e+07   
   0       
   1.1e+06 
   9.2e+05 
   0       
   2.6e+05 
   2e+05   
   0       
   0       
   2.8e+05 
   0       
   3.3e+05 
   0       
   0       
   0       
   0       
   0       
   8.7e+03 
   0       
   0       
   3.7e+05 
   0       
   5.3e+05 
   4.3e+04 
   3.2e+04 
   0       
   3.3e+05 
   0       
   5.8e+05 
   0       
   0       
   1.5e+05 
   0       
   0       
   6.2e+04 
   0       
   0       

EFC_STATE
  1
  1
  1
  1
  1
  1
  1
  1
  1
  1
  1
  1
  0
  1
  1
  1
  1
  1
  0
  1
  1
  0
  1
  1
  0
  0
  1
  0
  1
  0
  0
  0
  0
  0
  1
  0
  0
  1
  0
  1
  1
  1
  0
  1
  0
  1
  0
  0
  1
  0
  0
  1
  0
  0

QFRC_CONSTRAINT
  -4.1e+02 
  -7.8e+03 
   2.6e+03 
   73      
  -69      
  -79      
   20      
   1.1e+02 
   0       
   0       
   0       
   0       
   0       
   0       

QFRC_INVERSE
   0       
   0       
   0       
   0       
   0       
   0       
   0       
   0       
   0       
   0       
   0       
   0       
   0       
   0       

CACC
   0         0         0         0         0         0       
   0         0         0         0         0         0       
   0         0         0         0         0         0       
   0         0         0         0         0         0       
   0         0         0         0         0         0       
   0         0         0         0         0         0       
   0         0         0         0         0         0       
   0         0         0         0         0         0       
   0         0         0         0         0         0       
   0         0         0         0         0         0       
   0         0         0         0         0         0       
   0         0         0         0         0         0       
   0         0         0         0         0         0       
   0         0         0         0         0         0       
   0         0         0         0         0         0       
   0         0         0         0         0         0       
   0         0         0         0         0         0       
   0         0         0         0         0         0       
   0         0         0         0         0         0       

CFRC_INT
   0         0         0         0         0         0       
   0         0         0         0         0         0       
   0         0         0         0         0         0       
   0         0         0         0         0         0       
   0         0         0         0         0         0       
   0         0         0         0         0         0       
   0         0         0         0         0         0       
   0         0         0         0         0         0       
   0         0         0         0         0         0       
   0         0         0         0         0         0       
   0         0         0         0         0         0       
   0         0         0         0         0         0       
   0         0         0         0         0         0       
   0         0         0         0         0         0       
   0         0         0         0         0         0       
   0         0         0         0         0         0       
   0         0         0         0         0         0       
   0         0         0         0         0         0       
   0         0         0         0         0         0       

CFRC_EXT
   0         0         0         0         0         0       
   0         0         0         0         0         0       
   0         0         0         0         0         0       
   0         0         0         0         0         0       
   0         0         0         0         0         0       
   0         0         0         0         0         0       
   0         0         0         0         0         0       
   0         0         0         0         0         0       
   0         0         0         0         0         0       
   0         0         0         0         0         0       
   0         0         0         0         0         0       
   0         0         0         0         0         0       
   0         0         0         0         0         0       
   0         0         0         0         0         0       
   0         0         0         0         0         0       
   0         0         0         0         0         0       
   0         0         0         0         0         0       
   0         0         0         0         0         0       
   0         0         0         0         0         0       

